Monthly Sea Ice Extent (km^2) for new PAL sampling area (-200 to 600 lines)
Dataset: GSFC Bootstrap time series data (version 2.0) for 1/1979 to 12/2013, supplemented
        by preliminary Near-Real-Time-Sea-Ice (NRTSI) data for Jan-Dec 2014; this version
	also has an updated landmask so values will differ slightly from previous 
        releases of this time series
Nodata: -999.00
Ext: total area enclosed by the outer ice edge (so includes ocean areas covered by
     sea ice concentrations ranging from 15% to 100%)
Caution: The 2014 monthly data are preliminary and will be updated when available

Year         Jan      Feb        Mar      Apr       May       Jun       Jul       Aug       Sep       Oct       Nov       Dec

1978	   -999.00   -999.00   -999.00   -999.00   -999.00   -999.00   -999.00   -999.00   -999.00   -999.00 200317.56 180472.98
1979	 143965.02 124506.13  88322.54  97583.50 185315.77 204498.73 204498.73 204498.73 204498.73 204498.73 188310.25 168381.30
1980	 132430.88 100624.96  96430.66 155107.56 187115.25 204498.73 204498.73 204498.73 204498.73 204498.73 204498.73 204498.73
1981	 123157.82  87117.77  55178.41 104471.98 178694.48 204498.73 204498.73 204498.73 204498.73 204498.73 198516.77 158535.16
1982	 106618.04  70423.89  45106.83  75582.64 113602.96 162985.48 204498.73 204498.73 204498.73 204498.73 204498.73 163447.42
1983	  82150.45  48362.61  48417.08  47119.51  57068.66 145383.12 156904.36 203299.80 201511.00 201511.84 114013.58  77162.56
1984	  48854.11  36560.26  15479.04  21062.88  84226.43 183500.95 204498.73 204498.73 160447.08 188322.22 144027.14 111010.80
1985	  58126.83  29150.93  15523.20  17379.32  68836.50 130183.09 200298.98 204498.73 204498.73 176272.58 134316.75 119647.72
1986	  92064.45  51458.80  37225.85  36674.86 124573.09 178021.80 204498.73 204498.73 204498.73 204498.73 204498.73 204498.73
1987	 157417.25 106134.41  65661.50 132627.39 155107.42 204498.73 204498.73 204498.73 204498.73 204498.73 162197.86 129916.63
1988	  68557.35  47629.32  35304.87  44656.98  93997.03 134418.84 173857.44 204498.73 204498.73 182906.97 116641.40  71173.37
1989	  13619.18   5510.18   1819.89  21795.97  35434.68 117367.99 134448.81 146619.73 172057.20  95284.56  60164.47  19863.46
1990	   8661.52   3054.69   1207.34  16207.53  53417.13 116093.29 151368.05 199695.22 204498.73 204498.73 202708.55 174984.58
1991	  14902.56   4925.78      0.00      0.00 132008.34 204498.73 204498.73 204498.73 204498.73 204498.73 187714.58 120663.00
1992	  93703.22  53213.83  66332.70  89154.32 154502.19 204498.73 204498.73 204498.73 204498.73 189525.28 131266.80  63645.86
1993	  44593.57  24802.79  21074.02  33458.54  98370.88 171449.80 203899.50 204498.73 204498.73 204498.73 199111.78 113589.04
1994	  70534.70  32272.28  27275.84  21704.77  71257.54 162369.17 204498.73 204498.73 203304.84 204498.73 204498.73 104213.80
1995	  45809.93  19816.64  16112.85  31666.43  87920.16 185899.61 204498.73 204498.73 204498.73 174325.41 168341.50 115721.72
1996	  67896.86  37751.39  28487.23  24800.42  51522.74 152669.75 202698.67 204498.73 199094.89 188924.42 151431.80 105591.80
1997	  37108.83  22903.33  12338.65  29178.72 104996.28 172659.00 204498.73 204498.73 204498.73 204498.73 204498.73  77136.27
1998	  28507.68  12971.09   9293.54   9238.97 108137.04 144114.72 154482.66 194923.45 204498.73 147038.83 118358.91  94467.97
1999	   8708.69   4344.13   1849.32   3095.52   4340.23 132614.11 162945.19 204498.73 204498.73 204498.73 185299.27  83166.30
2000	  53140.88  26010.28  13007.90  14874.80  47115.72 116067.13 162381.97 200894.03 204498.73 204498.73 145396.92  97773.65
2001	  49005.07   2455.51   1207.34   6817.45  13030.32 119738.73 196089.53 204498.73 204498.73 168327.38 112679.02  83270.78
2002	  60433.17  38180.38  32732.24  23572.10 152073.84 197888.06 204498.73 204498.73 204498.73 204498.73 193121.38 130150.91
2003	  34726.29  18567.48   6791.67   6807.82  91003.40 141735.38 183462.84 200310.72 204498.73 202708.55 162373.19 125726.88
2004	  23577.36   3638.49   1207.34   1207.34  79934.03 150842.14 193073.52 204498.73 204498.73 204498.73 204498.73 151292.03
2005	 115319.13  67448.27  42820.64  70676.16 116715.68 182888.23 204498.73 204498.73 204498.73 199119.20 151072.33 141424.22
2006	  71723.54  46448.80  29138.70  26089.43  75596.81 143564.75 181056.98 204498.73 204498.73 204498.73 123920.36  66279.30
2007	  17963.25   6806.08    623.52  19281.59  31696.49 100206.76 178649.67 204498.73 192516.67 134316.03 103763.57  49641.89
2008	   8628.76   3638.49   3027.21   2458.52  11153.61  71268.46 171964.53 204498.73 204498.73  90644.69  56779.13  25951.19
2009	  11732.91   7383.67   3027.21  11203.00   8712.98  66970.73 183462.50 202688.97 204498.73 198521.45 184701.98  98928.56
2010	  14857.79   6144.98   3027.21   5535.44  54015.39 127069.19 192466.89 204498.73 204498.73  83430.73  46307.32  42704.50
2011	  14841.31   4887.14   3638.49  14939.00  29813.27 106817.45 187657.33 204498.73 204498.73 204498.73 140415.69  87016.91
2012	  67356.52  28488.86  11751.94  12384.62  32943.48 140513.41 161071.69 204498.73 197923.14 188924.69 187713.72 148968.03
2013	  34740.70   4884.69   3638.49   3027.21  87923.18 168939.11 204498.73 204498.73 204498.73 201513.58 204498.73 200914.27
2014	 111640.02  34772.77  10562.63  32322.63  64503.05 133840.38 203899.50 204498.73 204498.73 204498.73 191924.89 142295.47
